19761130	0.154412
19761231	0.146497
19770131	0
19770228	0
19770331	0.077778
19770429	-0.010309
19770531	0.0625
19770630	0
19770729	0
19770831	0.019608
19770930	0.043269
19771031	0.041475
19771130	0.088496
19771230	0.150407
19780131	-0.031802
19780228	0.00365
19780331	0
19780428	0.105455
19780531	0.151316
19780630	-0.028571
19780731	0
19780831	0.044118
19780929	0
19781031	0.061972
19781130	-0.092838
19781229	-0.081871
19790131	0.019108
19790228	0.01875
19790330	0.147239
19790430	0.037433
19790531	0
19790629	0.198454
19790731	0.354839
19790831	0.126984
19790928	-0.028169
19791031	-0.173913
19791130	0.122807
19791231	0.03125
19800131	0.045455
19800229	0
19800331	-0.217391
19800430	0.074074
19800530	0.137931
19800630	-0.060606
19800731	0.129032
19800829	0.1
19800930	0.019481
19801031	0.076433
19801128	0.047337
19801231	-0.022599
19810130	0.017341
19810227	0.119318
19810331	-0.005076
19810430	0.071429
19810529	0.009524
19810630	-0.023585
19810731	-0.048309
19810831	0
19810930	-0.045685
19811030	0.095745
19811130	0.145631
19811231	-0.042373
19820129	-0.084071
19820226	0.009662
19820331	-0.066986
19820430	0.061538
19820528	-0.009662
19820630	-0.014634
19820730	-0.044554
19820831	0.020725
19820930	0.13198
19821029	0.116592
19821130	0.120482
19821231	0.121864
19830131	-0.01278
19830228	0.087379
19830331	0.160714
19830429	0.007692
19830531	0.012723
19830630	-0.075377
19830729	0.040761
19830831	0.075718
19830930	0.208738
19831031	0.052209
19831130	0.041985
19831230	-0.029304
19840131	0.009434
19840229	-0.033645
19840330	-0.030948
19840430	0.007984
19840531	0.029703
19840629	-0.019231
19840731	-0.017647
19840831	0.03992
19840928	0.011516
19841031	-0.003795
19841130	-0.015238
19841231	-0.003868
19850131	0.095146
19850228	0.067376
19850329	0.217608
19850430	0.00955
19850531	0.005405
19850628	0.155914
19850731	-0.018605
19850830	-0.033175
19850930	0.014706
19851031	0.2657
19851129	0.001908
19851231	-0.059048
19860131	-0.087045
19860228	0.223947
19860331	0.130435
19860430	-0.067308
19860530	-0.017182
19860630	0.04021
19860731	-0.05042
19860829	0.026549
19860930	-0.094828
19861031	0.095238
19861128	-0.046957
19861231	0.029197
19870130	0.099291
19870227	0.083871
19870331	0.047619
19870430	-0.039773
19870529	0.008876
19870630	0.026393
19870731	0.131429
19870831	0.007576
19870930	0.057644
19871030	-0.212085
19871130	-0.12782
19871231	0.017241
19880129	0.027119
19880229	0.039604
19880331	0.087302
19880429	0.10219
19880531	0.039735
19880630	0.057325
19880729	0.048193
19880831	-0.005747
19880930	0.109827
19881031	-0.015625
19881130	-0.005291
19881230	0
19890131	0.047872
19890228	-0.040609
19890331	0.047619
19890428	0.267677
19890531	0.023904
19890630	0.023346
19890731	0.140684
19890831	0.063333
19890929	0.081505
19891031	-0.013333
19891130	-0.030552
19891229	0.051515
19900131	-0.140634
19900228	-0.030852
19900330	-0.069204
19900430	-0.003717
19900531	0.067164
19900629	0.006993
19900731	-0.027778
19900831	-0.085714
19900928	-0.082031
19901031	0.012766
19901130	0.066387
19901231	0.052009
19910131	0.108614
19910228	0.091216
19910328	-0.006192
19910430	0.012461
19910531	0.076923
19910628	-0.04
19910731	0.014881
19910830	0.029326
19910930	0.011396
19911031	-0.034366
19911129	-0.025671
19911231	0.083832
19920131	-0.022099
19920228	-0.014124
19920331	0.025788
19920430	0.019553
19920529	-0.00274
19920630	0.013736
19920731	0.03252
19920831	-0.041995
19920930	0.030137
19921030	0.007979
19921130	0.131926
19921231	0.095571
19930129	0.029787
19930226	0.030992
19930331	0.022044
19930430	-0.007843
19930528	0.185771
19930630	0.026667
19930730	0.038961
19930831	0.095312
19930930	-0.048502
19931029	0.034483
19931130	0
19931231	-0.053623
19940131	-0.007657
19940228	-0.046296
19940331	0.030744
19940429	0.010989
19940531	0
19940630	0
19940729	0.217391
19940831	-0.02551
19940930	-0.007853
19941031	0.068602
19941130	0.01358
19941230	-0.00609
19950131	0.205882
19950228	-0.094512
19950331	0.016835
19950428	-0.046358
19950531	0.050926
19950630	0.03304
19950731	0.055437
19950831	0.030303
19950929	0.152941
19951031	0.003401
19951130	0.061017
19951229	0.025559
19960131	-0.006231
19960229	0.112853
19960329	-0.046479
19960430	-0.01034
19960531	-0.089552
19960628	0.006557
19960731	0.006515
19960830	0.012945
19960930	0.027157
19961031	0.007776
19961129	0.024691
19961231	0.027108
19970131	0.020528
19970228	0.020115
19970331	0.019718
19970430	0.049724
19970530	0.131579
19970630	0.097674
19970731	0
19970829	-0.120763
19970930	0.079518
19971031	-0.024554
19971128	0.036613
19971231	0.015453
19980130	0.093478
19980227	0.109344
19980331	0.204301
19980430	0.020833
19980529	0.030612
19980630	0.107567
19980731	-0.104719
19980831	-0.137009
19980930	-0.014876
19981030	0.082215
19981130	0.052713
19981231	0.030928
19990129	-0.071429
19990226	0.093846
19990331	0.004219
19990430	0.070028
19990528	-0.057592
19990630	-0.043056
19990730	-0.015893
19990831	-0.053167
19990930	-0.143302
19991029	0.161818
19991130	-0.103286
19991231	-0.020942
20000131	-0.087344
20000229	-0.140625
20000331	0.3
20000428	0.036713
20000531	-0.011804
20000630	-0.081911
20000731	0.024164
20000831	0.047187
20000929	0.116118
20001031	-0.01087
20001130	0.034537
20001229	0.07739
20010131	-0.03662
20010228	0.027778
20010330	-0.06899
20010430	0.038961
20010531	0.010294
20010629	0.010189
20010731	-0.002882
20010831	0.00289
20010928	0.008646
20011031	0.017143
20011130	-0.016854
20011231	0.08
20020131	-0.022487
20020228	-0.012179
20020328	-0.026027
20020430	0.033052
20020531	0.015657
20020628	-0.104558
20020731	0.022455
20020830	0.068814
20020930	0.012329
20021031	0.003924
20021129	-0.025475
20021231	0.006224
20030131	-0.07079
20030228	-0.087278
20030331	0.034036
20030430	0.094279
20030530	0.016973
20030630	0.021127
20030731	-0.006759
20030829	0.052284
20030930	-0.010228
20031031	0.037467
20031128	0.07634
20031231	0.00597
20040130	0.062196
20040227	0.055984
20040331	-0.012698
20040430	0.000965
20040528	-0.047007
20040630	-0.000562
20040730	-0.019112
20040831	-0.002865
20040930	-0.004023
20041029	-0.027698
20041130	-0.006528
20041231	0.050179
20050131	0.022753
20050228	0.003337
20050331	-0.035477
20050429	-0.03046
20050531	-0.002964
20050630	-0.007134
20050729	0
20050831	-0.004192
20050930	-0.01383
20051031	0.047561
20051130	0.040629
20051230	-0.008614
20060131	0.009817
20060228	-0.030059
20060331	0.040899
20060428	-0.014942
20060531	0.036966
20060630	-0.006837
20060731	-0.000644
20060831	0.049094
20060929	-0.003091
20061031	0.100992
20061130	0.015406
20061229	0.026984
20070131	0.000546
20070228	-0.035075
20070330	0.026368
20070430	0.001927
20070531	0.002656
20070629	-0.000137
20070731	0.004796
20070831	0.076273
20070928	0.001014
20071031	0.118049
20071130	0.057358
20071231	0.010707
20080131	-0.039548
20080229	0.029412
20080331	-0.047143
20080430	0.003373
20080530	0.005977
20080630	-0.103231
20080731	-0.052174
20080829	0.018785
20080930	0.120069
20081031	-0.115697
20081128	-0.099489
20081231	-0.071154
20090130	-0.073478
20090227	-0.121807
20090331	0.103053
20090430	0.084198
20090529	-0.025532
20090630	-0.017467
20090731	0.077778
20090831	0.039691
20090930	0.001487
20091030	-0.019802
20091130	0.016162
20091231	-0.013917
20100129	0.155242
20100226	0.045375
20100331	0.016694
20100430	-0.053161
20100528	-0.081639
20100630	0.133037
20100730	-0.025
20100831	0.014316
20100930	0.049084
20101029	-0.041767
20101130	0.007544
20101231	0.00208
20110131	0.016397
20110228	0.072493
20110331	-0.045697
20110429	-0.004389
20110531	-0.047896
20110630	-0.022479
20110729	-0.039662
20110831	-0.015525
20110930	-0.027048
20111031	0.095037
20111130	0.013254
20111230	-0.031603
20120131	0.027624
20120229	0.000076
20120330	0.033629
20120430	-0.009024
20120531	-0.016142
20120629	0.051283
20120731	0.020009
20120831	-0.006945
20120928	0.048515
20121031	-0.024077
20121130	0.018617
20121231	0.016253
20130131	0.088132
20130228	0.046101
20130328	0.024115
20130430	0.017405
20130531	0.077358
20130628	-0.015762
20130731	0.031435
20130830	-0.03939
20130930	0.020114
20131031	0.015168
20131129	0.010146
20131231	0.018026
20140131	-0.047151
20140228	0.024754
20140331	0.078535
20140430	0.031625
20140530	-0.006597
20140630	-0.010935
20140731	-0.009355
20140829	0.094385
20140930	0.004954
20141031	0.014983
20141128	0.062214
20141231	0.013158
20150130	-0.044845
20150227	0.024622
20150331	-0.016638
20150430	-0.018851
20150529	0.00656
20150630	-0.046322
20150731	0.044667
20150831	-0.053593
20150930	-0.035999
20151030	0.047921
20151130	-0.015817
20151231	-0.01768
20160129	-0.017391
20160229	0.042164
20160331	0.053788
20160429	0.026001
20160531	-0.033356
20160630	0.024942
20160729	-0.004494
20160831	0.045185
20160930	-0.042257
20161031	-0.002405
20161130	0.098748
20161230	0.030046
20170131	0.007617
20170228	0.045205
20170331	-0.028199
20170428	-0.008285
20170531	0.002664
20170630	0.025197
20170731	0.031747
20170831	0.03297
20170929	0.01212
20171031	0.020856
20171130	0.039327
20171229	0.020926
20180131	0.08661
20180228	-0.040588
20180329	-0.035939
20180430	-0.028251
20180531	-0.01187
20180629	-0.017967
20180731	0.069175
20180831	0.047256
20180928	0.0133
20181031	-0.038422
20181130	0.059456
20181231	-0.06135
20190131	0.017974
20190228	-0.029856
20190329	-0.003259
20190430	0.079229
20190531	-0.086194
20190628	0.071669
20190731	-0.030419
20190830	-0.018104
20190930	0.028884
20191031	0.022791
20191129	0.036233
20191231	0.027519
